0.0 0.9486832980505018 6.527633568147028 5.98163857149527 4.390899680020027 4.215447781671596 6.989277502002615 4.036087214122165 6.81542368455549 8.052949770115283 9.334345183246665 10.11335750381643 9.499999999999995 8.668333173107747 4.016217125604654 11.412712210513327 12.316655390161728 10.22154587134451 14.0257798357168 16.76007159889241 8.183520025025935 16.903549923019135 2.2472205054244636 1.4866068747317862 0.5656854249490813 3.3970575502926006 4.244997055358223 1.9525624189766635 4.753945729601924 6.5115282384398805 5.70087712549568 8.931965069345042 3.4525353003264243
0.9486832980505018 0.0 5.6718603649949095 5.517245689653504 4.301162633521313 4.887739763939985 6.264982043070825 4.883646178829926 5.86941223633166 8.21522975941635 9.15914843203232 9.492101980067435 8.605230967266362 8.20243866176395 4.1194659848091995 10.791200118615164 11.88276062201035 10.064790112068902 13.811317822713375 16.278820596099706 8.005623023850182 16.519382555047265 3.1764760348537053 1.3152946437966406 1.4764823060233616 3.8832975677894956 3.4058772731852835 2.245551157288566 4.909175083453444 5.658621740318062 5.141984052872981 7.984985911070858 2.5179356624028406
6.527633568147028 5.6718603649949095 0.0 3.5846896657870033 5.360037313302982 8.74642784226795 1.7029386365926 9.507891459203774 2.3021728866442333 12.665701717630965 12.300406497347957 10.066280345788101 6.395310782127791 4.904079934095698 6.105735008989516 6.021627686929838 8.127115109311541 8.302409288875145 16.345718093739407 17.098830369355674 6.640783086353607 12.712198865656568 8.421401308570918 5.414794548272347 6.9028979421689085 9.330058949438634 4.879549159502335 6.188093405888415 6.6400301204136225 5.281098370604356 7.360027173862877 4.295346318982885 3.3241540277188912
5.98163857149527 5.517245689653504 3.5846896657870033 0.0 2.501999200639359 6.303173803727771 2.360084744241176 7.433034373659283 5.724508712544673 13.660527076214885 14.115594213493107 12.909686285886268 9.837174391053555 2.690724809414786 3.4014702703390136 5.597320787662626 6.3655321851358 5.124451190127604 18.549730456262697 20.015993605114886 3.2140317359976636 11.01135777277263 7.057619995437552 4.500000000000025 6.074537019394955 9.35093578204877 6.791170738539867 4.615463140357603 3.6138621999185228 8.100617260431468 9.3680307429043 7.871467461661773 4.492215489043223
4.390899680020014 4.301162633521313 5.360037313302971 2.5019992006393363 0.0 3.8013155617496484 4.648655719667786 4.96487663492255 7.043436661176126 12.43261838873855 13.43912199513049 13.152946437965905 10.927488274987983 4.8104053883222875 0.9000000000000961 7.983107164506807 8.237718130647597 5.830951894845281 18.05941582665397 20.171762441591465 3.8013155617496186 12.68108828137396 4.854894437575336 3.008321791298238 4.280186911806532 7.74209274033836 6.760177512462223 2.5831182706178786 1.2806248474866089 8.60232526704264 9.100549433962774 9.36055553906925 4.560701700396559
4.215447781671583 4.887739763939985 8.746427842267945 6.303173803727762 3.8013155617496484 0.0 8.354639429682173 1.4212670403553431 9.929753269845122 11.343720729989789 13.224220203853235 14.326548781894402 13.296616110875735 8.452810183601681 2.901723625709394 11.709824934643558 11.569356075426137 8.381527307120106 17.91570540056964 20.935376758014172 6.708203932499386 15.677372228788853 2.716615541441245 3.96232255123181 3.6999999999999766 6.438167441127944 8.266196223173042 2.864000698323915 2.8861739379324285 10.480935072788121 9.916148445843282 12.2413234578619 6.726812023536864
6.989277502002615 6.264982043070825 1.7029386365926 2.360084744241176 4.648655719667773 8.35463942968218 0.0 9.326306878931232 3.999999999999986 13.862178760930764 13.759360450253494 11.747765745025728 8.062257748298556 3.2015621187164243 5.508175741568178 4.669047011971496 6.499999999999982 6.649060083951719 17.921844213138336 18.7949461292125 5.099019513592762 11.13642671596234 8.570880934886445 5.651548460377922 7.253275122315436 10.111874208078342 6.268173577685925 6.162994402074347 5.86941223633166 6.937578828380979 8.83232698670061 5.852349955359813 4.318564576337847
4.03608721412215 4.883646178829926 9.507891459203769 7.433034373659276 4.96487663492255 1.4212670403553431 9.326306878931238 0.0 10.420172743289823 10.323759005323602 12.445882853377672 14.016062214473802 13.482581355215336 9.72676719162128 4.079215610874268 12.943724348115579 12.935609765295185 9.800510190801303 17.10036549317002 20.397303743387265 8.100617260431461 17.088007490635068 1.9697715603592487 4.294182110716771 3.4713109915420155 5.514526271584933 8.273451516749232 3.336540124140599 4.215447781671596 10.53612832116239 9.588013350011568 12.676355943251197 7.083078426785926
6.81542368455549 5.86941223633166 2.3021728866442333 5.724508712544673 7.043436661176126 9.929753269845122 3.999999999999986 10.420172743289823 0.0 11.461239025515518 10.607544484940894 7.874642849044012 4.123105625617633 7.200694410957886 7.638062581571334 7.962411694957752 10.30776406404414 10.592922165295091 14.380281638410285 14.847558721890946 8.876936408468856 14.806079832285107 8.981091247727074 6.126989472816144 7.308214556237375 8.935882720806031 3.699999999999992 7.126184112131807 8.297590011563592 3.244996147917586 5.762811813689547 2.334523505985736 3.383784863137716
8.052949770115283 8.21522975941635 12.665701717630965 13.660527076214885 12.43261838873855 11.343720729989789 13.862178760930764 10.323759005323602 11.461239025515518 0.0 3.2802438933713436 7.833900688673548 11.1157545852722 16.30490723677998 12.054044964243339 18.5310550158376 19.99024762227822 18.252944967867517 7.168856254661547 11.588356225108027 16.201234520862908 24.662927644543743 8.631338250816034 9.441398201537735 8.263776376451625 4.9244289008980635 7.849203781276163 9.973088789337037 12.758134659894447 8.69770084562582 5.852349955359813 12.364869590901474 9.546203433826454
9.334345183246665 9.15914843203232 12.300406497347957 14.115594213493107 13.43912199513049 13.224220203853235 13.759360450253494 12.445882853377672 10.607544484940894 3.2802438933713436 0.0 5.000999900019994 9.13892772703669 16.591865476793146 13.26725291837011 18.321571984958066 20.193315725754402 19.0685605120051 4.700265949922436 8.431488599292537 17.014111789923092 24.869660230891775 10.557461816175326 10.473776778220927 9.7082439194738 6.963476143421483 7.49466476902069 11.269538588602456 14.04314779527724 7.441102068914263 4.940647730814258 10.900000000000002 9.660745312862772
10.11335750381643 9.492101980067435 10.066280345788101 12.909686285886268 13.152946437965905 14.326548781894402 11.747765745025728 14.016062214473802 7.874642849044012 7.833900688673548 5.000999900019994 0.0 4.879549159502335 14.911069713471269 13.31953452640145 15.802847844613321 18.173056980046038 18.027756377319946 6.967244792599157 7.106335201775948 16.101242188104617 22.67619897601889 12.056948204251352 10.660675400742674 10.645186705737007 9.33488082409197 6.395310782127791 11.716334751107098 14.122322755127787 4.837354648979139 4.429446918070008 7.184705978674423 8.637129152675675
9.499999999999995 8.605230967266362 6.395310782127791 9.837174391053555 10.927488274987983 13.296616110875735 8.062257748298556 13.482581355215336 4.123105625617633 11.1157545852722 9.13892772703669 4.879549159502335 0.0 11.236102527122116 11.399122773266374 11.45425685062108 14.080127840328716 14.6972786596703 11.844513497818307 11.227199116431487 13.0 18.36355085488642 11.741379816699574 9.33488082409197 10.060318086422507 10.404326023342401 5.300000000000003 10.434677762154408 12.126417442921877 3.087069808086622 5.514526271584882 2.4999999999999774 6.60681466366357
8.668333173107747 8.20243866176395 4.904079934095698 2.690724809414765 4.8104053883222875 8.452810183601681 3.201562118716442 9.72676719162128 7.200694410957886 16.30490723677998 16.591865476793146 14.911069713471269 11.236102527122116 0.0 5.66127194188728 3.299999999999998 3.687817782917173 3.624913792078354 20.910583444753524 21.979080963498 2.692582403567294 8.360023923410752 9.61509230324911 7.184010022264725 8.741853350405753 12.0415945787923 9.138927727036695 7.212662476506164 5.573149917237105 10.080674580602238 11.738824472663358 8.944271909999165 6.935416353759883
4.016217125604668 4.1194659848091995 6.105735008989525 3.401470270338997 0.9000000000000961 2.901723625709394 5.508175741568188 4.079215610874268 7.638062581571334 12.054044964243339 13.26725291837011 13.31953452640145 11.399122773266374 5.66127194188728 0.0 8.864536084872126 9.0049986118822 6.341135544995079 17.929375337696523 20.26746160721663 4.3840620433565975 13.368619973654724 4.123105625617661 2.807133769523639 3.8013155617496484 7.256031973468708 6.937578828380979 2.0814658296498605 0.8062257748299114 8.915716460273972 9.13509715328744 9.970456358662837 4.875448697299572
11.412712210513327 10.791200118615164 6.021627686929838 5.597320787662626 7.983107164506807 11.709824934643553 4.669047011971496 12.943724348115575 7.962411694957752 18.5310550158376 18.321571984958066 15.802847844613321 11.45425685062108 3.2999999999999807 8.86453608487212 0.0 2.9410882339705253 5.8249463516842654 22.31529744368199 22.63735850314696 5.772347875864719 6.91230786351418 12.653062870309308 9.97296345125159 11.58317745698476 14.672763884149433 10.870602559196056 10.206003135410063 8.845903006477041 11.182575731914364 13.380956617521777 8.962700485902669 8.987213138676527
12.316655390161728 11.88276062201035 8.127115109311536 6.365532185135791 8.237718130647597 11.569356075426137 6.499999999999991 12.935609765295185 10.30776406404414 19.99024762227822 20.193315725754402 18.173056980046038 14.080127840328716 3.687817782917173 9.0049986118822 2.941088233970545 0.0 3.9319206502674757 24.419101130058003 25.143587651725436 4.9040799340957095 4.687216658103165 13.092364186807501 10.8300507847378 12.355565547557903 15.703502793962874 12.705904139414871 10.76022769275818 8.723531395025763 13.408206442324788 15.295751043999116 11.627553482998904 10.568822072492276
10.221545871344505 10.064790112068902 8.302409288875138 5.124451190127593 5.830951894845281 8.381527307120106 6.649060083951727 9.800510190801303 10.592922165295091 18.252944967867517 19.0685605120051 18.027756377319946 14.6972786596703 3.624913792078354 6.341135544995079 5.824946351684275 3.9319206502674757 0.0 23.589033468966036 25.13364279208249 2.0615528128088854 7.3355299740373034 10.400480758118832 8.811923740024081 10.095543571299162 13.562448156582947 11.886967653695372 8.376902768923616 5.799999999999989 13.206059215375355 14.436758638974334 12.490796611905907 9.57078889120432
14.025779835716799 13.811317822713372 16.345718093739407 18.549730456262697 18.05941582665397 17.91570540056964 17.921844213138336 17.10036549317002 14.380281638410285 7.168856254661543 4.7002659499224295 6.967244792599157 11.844513497818307 20.91058344475352 17.929375337696523 22.31529744368199 24.419101130058003 23.589033468966036 0.0 5.277546778570515 21.549303933074032 29.05068846000039 15.236223285315818 15.126218959145074 14.40702953422391 11.59105258378202 11.781871667948174 15.953056133543809 18.712629425070116 11.13923246907075 9.186539065393449 14.078796113304575 14.05782700135408
16.76007159889241 16.278820596099706 17.098830369355674 20.015993605114886 20.171762441591465 20.935376758014172 18.7949461292125 20.397303743387265 14.847558721890946 11.588356225108027 8.431488599292537 7.106335201775948 11.227199116431487 21.979080963498 20.26746160721663 22.63735850314696 25.143587651725436 25.13364279208249 5.277546778570515 0.0 23.205387305537478 29.548096385384962 18.43610587949635 17.52512482123879 17.24470933358982 15.128780519261953 13.423859355639864 18.524105916345867 21.073680267100947 11.93398508462282 11.146299834474219 13.72443077143821 15.70795976567294
8.183520025025928 8.005623023850182 6.640783086353598 3.214031735997646 3.8013155617496186 6.708203932499386 5.099019513592774 8.100617260431461 8.876936408468856 16.201234520862908 17.014111789923092 16.101242188104617 13.0 2.692582403567294 4.3840620433565975 5.772347875864729 4.9040799340957095 2.0615528128088854 21.549303933074032 23.205387305537478 0.0 9.021086409075135 8.495881355103782 6.760177512462223 8.080222769206303 11.54339638061519 9.88584847142622 6.372009102316175 3.9408120990476028 11.307077429645554 12.414910390333073 10.920164833920783 7.566372975210785
16.90354992301913 16.519382555047265 12.712198865656564 11.011357772772625 12.68108828137396 15.677372228788853 11.136426715962346 17.088007490635068 14.806079832285107 24.662927644543743 24.869660230891775 22.67619897601889 18.36355085488642 8.360023923410752 13.368619973654724 6.912307863514188 4.687216658103165 7.3355299740373034 29.05068846000039 29.548096385384962 9.021086409075135 0.0 17.491712323268978 15.420765220960984 16.901183390520323 20.299999999999994 17.377284022539314 15.252950534240906 12.961867149450343 17.976929659983657 19.960210419732554 15.868522300453808 15.255490814785341
2.2472205054244383 3.1764760348537053 8.421401308570918 7.057619995437544 4.854894437575336 2.716615541441245 8.570880934886445 1.9697715603592487 8.981091247727074 8.631338250816034 10.557461816175326 12.056948204251352 11.741379816699574 9.61509230324911 4.123105625617661 12.653062870309308 13.092364186807501 10.400480758118832 15.23622328531582 18.43610587949635 8.495881355103782 17.491712323268978 0.0 3.0066592756745947 1.7000000000000295 3.7215588131856823 6.466065264130889 2.4520399670478086 4.601086828130944 8.73212459828649 7.632168761236874 11.14854250563723 5.597320787662615
1.4866068747317862 1.3152946437966406 5.414794548272347 4.500000000000025 3.008321791298257 3.962322551231824 5.651548460377922 4.294182110716784 6.126989472816144 9.441398201537735 10.473776778220927 10.660675400742674 9.33488082409197 7.184010022264725 2.8071337695236593 9.97296345125159 10.830050784737795 8.811923740024087 15.126218959145076 17.52512482123879 6.760177512462231 15.420765220960988 3.0066592756745756 0.0 1.6155494421403553 4.879549159502335 4.382921400162229 1.1101801655587586 3.601388621073857 6.5459911396212584 6.37887137352682 8.386298349092996 2.801785145224364
0.5656854249490813 1.4764823060233616 6.9028979421689085 6.074537019394955 4.280186911806532 3.6999999999999766 7.253275122315436 3.4713109915420155 7.308214556237375 8.263776376451625 9.7082439194738 10.645186705737007 10.060318086422507 8.741853350405753 3.8013155617496484 11.58317745698476 12.355565547557903 10.095543571299162 14.407029534223911 17.24470933358982 8.080222769206303 16.901183390520323 1.7000000000000295 1.6155494421403553 0.0 3.466987164671924 4.810405388322276 1.7240939649566245 4.494441010848852 7.0767224051816475 6.224146527838175 9.454099639838793 3.9293765408776924
3.3970575502926006 3.8832975677894956 9.330058949438634 9.35093578204877 7.74209274033836 6.438167441127935 10.111874208078342 5.514526271584923 8.935882720806031 4.9244289008980635 6.963476143421483 9.33488082409197 10.404326023342401 12.0415945787923 7.256031973468701 14.672763884149433 15.703502793962874 13.562448156582942 11.591052583782023 15.128780519261953 11.543396380615185 20.299999999999994 3.7215588131856667 4.879549159502335 3.466987164671924 0.0 5.414794548272347 5.188689622631111 7.915806970865312 7.34982993000519 5.215361924162113 10.63014581273464 6.008327554319932
4.244997055358223 3.4058772731852835 4.879549159502335 6.791170738539867 6.760177512462231 8.266196223173049 6.268173577685925 8.273451516749239 3.699999999999992 7.849203781276163 7.49466476902069 6.395310782127791 5.300000000000003 9.138927727036695 6.937578828380987 10.870602559196056 12.705904139414871 11.886967653695377 11.781871667948176 13.423859355639864 9.885848471426225 17.37728402253931 6.46606526413088 4.382921400162229 4.810405388322276 5.414794548272347 0.0 5.482928049865317 7.736924453553888 2.2671568097509236 2.60000000000002 5.215361924162101 2.319482700948664
1.9525624189766344 2.245551157288566 6.188093405888415 4.615463140357603 2.5831182706178786 2.864000698323915 6.162994402074347 3.336540124140599 7.126184112131807 9.973088789337037 11.269538588602456 11.716334751107098 10.434677762154408 7.212662476506164 2.0814658296498605 10.206003135410063 10.76022769275818 8.376902768923616 15.95305613354381 18.524105916345867 6.372009102316175 15.252950534240906 2.4520399670478086 1.1101801655587074 1.7240939649566245 5.188689622631111 5.482928049865317 0.0 2.802231253840404 7.655880093104889 7.386643351347079 9.416076677682698 3.8668462601970597
4.753945729601911 4.909175083453444 6.640030120413614 3.613862199918507 1.2806248474866089 2.8861739379324285 5.869412236331669 4.215447781671596 8.297590011563592 12.758134659894447 14.04314779527724 14.122322755127787 12.126417442921877 5.573149917237105 0.8062257748299114 8.845903006477046 8.723531395025763 5.799999999999989 18.712629425070116 21.073680267100947 3.9408120990476028 12.961867149450343 4.601086828130944 3.601388621073841 4.494441010848852 7.915806970865319 7.736924453553881 2.802231253840404 0.0 9.69329665284211 9.940824915468532 10.621675950620967 5.646237685397241
6.5115282384398805 5.658621740318062 5.281098370604356 8.100617260431468 8.60232526704264 10.480935072788121 6.937578828380979 10.53612832116239 3.244996147917586 8.69770084562582 7.441102068914263 4.837354648979139 3.087069808086622 10.080674580602238 8.915716460273972 11.182575731914364 13.408206442324788 13.206059215375355 11.13923246907075 11.93398508462282 11.307077429645554 17.976929659983657 8.73212459828649 6.5459911396212584 7.0767224051816475 7.34982993000519 2.2671568097509236 7.655880093104889 9.69329665284211 0.0 2.8460498941515255 3.6687872655688176 4.049691346263343
5.70087712549568 5.141984052872981 7.360027173862877 9.3680307429043 9.100549433962774 9.916148445843282 8.83232698670061 9.588013350011568 5.762811813689547 5.852349955359813 4.940647730814258 4.429446918070008 5.514526271584882 11.738824472663358 9.13509715328744 13.380956617521777 15.295751043999116 14.436758638974334 9.18653906539345 11.146299834474219 12.414910390333073 19.960210419732554 7.632168761236874 6.37887137352682 6.224146527838175 5.215361924162113 2.60000000000002 7.386643351347079 9.940824915468532 2.8460498941515255 0.0 6.514598989960928 4.876474136094629
8.931965069345042 7.984985911070858 4.295346318982885 7.871467461661773 9.36055553906925 12.241323457861895 5.852349955359813 12.6763559432512 2.334523505985736 12.364869590901474 10.900000000000002 7.184705978674423 2.4999999999999774 8.944271909999165 9.970456358662837 8.962700485902669 11.62755348299891 12.490796611905903 14.078796113304575 13.72443077143821 10.920164833920788 15.868522300453805 11.14854250563723 8.386298349092996 9.454099639838793 10.63014581273464 5.215361924162101 9.416076677682698 10.621675950620961 3.6687872655688176 6.514598989960928 0.0 5.594640292279742
3.4525353003264243 2.5179356624028406 3.3241540277188912 4.492215489043223 4.560701700396547 6.726812023536855 4.318564576337847 7.083078426785918 3.383784863137716 9.546203433826454 9.660745312862772 8.637129152675675 6.60681466366357 6.935416353759883 4.875448697299561 8.987213138676527 10.568822072492281 9.570788891204314 14.057827001354081 15.70795976567294 7.566372975210793 15.255490814785338 5.597320787662605 2.801785145224364 3.9293765408776924 6.008327554319932 2.319482700948664 3.8668462601970597 5.646237685397251 4.049691346263343 4.876474136094629 5.594640292279742 0.0
0.0 0.0 20.0 20.0 20.0 20.0 20.0 20.0 20.0 30.0 30.0 30.0 30.0 30.0 30.0 40.0 40.0 40.0 40.0 40.0 50.0 50.0 50.0 10.0 10.0 10.0 10.0 10.0 10.0 20.0 20.0 20.0 10.0
