25 0
0.00000 0.50171 0.82422 0.32755 0.33198 0.35448 0.86883 0.79114 0.43172 0.66198 0.84522 0.59013 0.18453 0.47021 0.93014 0.81424 0.30949 0.60798 0.85590 0.59715 0.52084 0.34266 0.31057 0.43521 0.78497
0.50171 0.00000 0.72643 0.72507 0.17059 0.80245 0.39916 0.68929 0.43409 0.42958 0.47462 0.49742 0.33305 0.53897 0.56958 0.44585 0.75331 0.31397 0.65851 0.16555 0.61867 0.76365 0.47750 0.42757 0.45339
0.82422 0.72643 0.00000 0.71690 0.70916 0.82511 0.67877 0.03765 0.39744 0.30728 0.45613 0.25057 0.69707 0.36089 0.44993 0.45176 0.79809 1.03976 0.15963 0.59980 0.34088 0.76308 0.51685 0.39597 0.39176
0.32755 0.72507 0.71690 0.00000 0.56558 0.11030 1.01348 0.69389 0.42091 0.68581 0.91363 0.55190 0.40615 0.37936 0.97850 0.88648 0.08300 0.90939 0.80708 0.75734 0.37647 0.04922 0.28593 0.42909 0.83842
0.33198 0.17059 0.70916 0.56558 0.00000 0.63685 0.54705 0.67163 0.34891 0.44986 0.56868 0.46068 0.16427 0.44579 0.66168 0.53759 0.58767 0.37807 0.67860 0.28052 0.52425 0.60140 0.34535 0.34511 0.52604
0.35448 0.80245 0.82511 0.11030 0.63685 0.00000 1.11042 0.80286 0.52785 0.79362 1.01941 0.66183 0.47305 0.48960 1.08617 0.99174 0.04919 0.95875 0.91732 0.84916 0.48545 0.06214 0.38888 0.53583 0.94505
0.86883 0.39916 0.67877 1.01348 0.54705 1.11042 0.00000 0.65126 0.61368 0.40819 0.23231 0.56182 0.68542 0.70110 0.29177 0.22875 1.06367 0.61076 0.54014 0.27178 0.76464 1.05956 0.72921 0.60486 0.28705
0.79114 0.68929 0.03765 0.69389 0.67163 0.80286 0.65126 0.00000 0.36264 0.27237 0.43226 0.21364 0.66132 0.33131 0.43283 0.42591 0.77434 1.00248 0.14976 0.56421 0.31745 0.74074 0.48526 0.36085 0.36489
0.43172 0.43409 0.39744 0.42091 0.34891 0.52785 0.61368 0.36264 0.00000 0.26616 0.49300 0.15886 0.30145 0.10510 0.55841 0.46634 0.48693 0.71964 0.42708 0.38930 0.18459 0.46980 0.14507 0.00882 0.41752
0.66198 0.42958 0.30728 0.68581 0.44986 0.79362 0.40819 0.27237 0.26616 0.00000 0.23535 0.15871 0.49454 0.32200 0.29269 0.21308 0.75308 0.74316 0.23168 0.29296 0.37099 0.73491 0.40969 0.25850 0.15648
0.84522 0.47462 0.45613 0.91363 0.56868 1.01941 0.23231 0.43226 0.49300 0.23535 0.00000 0.39202 0.66421 0.55707 0.09505 0.03133 0.97678 0.75670 0.31007 0.30925 0.60533 0.96234 0.63105 0.48469 0.07938
0.59013 0.49742 0.25057 0.55190 0.46068 0.66183 0.56182 0.21364 0.15886 0.15871 0.39202 0.00000 0.44975 0.17441 0.43875 0.37125 0.62522 0.80559 0.26898 0.39897 0.21338 0.60103 0.29803 0.15495 0.31265
0.18453 0.33305 0.69707 0.40615 0.16427 0.47305 0.68542 0.66132 0.30145 0.49454 0.66421 0.44975 0.00000 0.37303 0.75120 0.63304 0.42391 0.51009 0.70399 0.41364 0.44235 0.43958 0.23231 0.30186 0.60713
0.47021 0.53897 0.36089 0.37936 0.44579 0.48960 0.70110 0.33131 0.10510 0.32200 0.55707 0.17441 0.37303 0.00000 0.61079 0.53338 0.45502 0.82050 0.42958 0.49019 0.07994 0.42827 0.15963 0.11219 0.47846
0.93014 0.56958 0.44993 0.97850 0.66168 1.08617 0.29177 0.43283 0.55841 0.29269 0.09505 0.43875 0.75120 0.61079 0.00000 0.12499 1.04523 0.84844 0.29232 0.40427 0.65008 1.02759 0.70061 0.55055 0.14576
0.81424 0.44585 0.45176 0.88648 0.53759 0.99174 0.22875 0.42591 0.46634 0.21308 0.03133 0.37125 0.63304 0.53338 0.12499 0.00000 0.94876 0.73151 0.31157 0.28032 0.58405 0.93506 0.60307 0.45793 0.06250
0.30949 0.75331 0.79809 0.08300 0.58767 0.04919 1.06367 0.77434 0.48693 0.75308 0.97678 0.62522 0.42391 0.45502 1.04523 0.94876 0.00000 0.91147 0.88428 0.80137 0.45727 0.05006 0.34574 0.49470 0.90318
0.60798 0.31397 1.03976 0.90939 0.37807 0.95875 0.61076 1.00248 0.71964 0.74316 0.75670 0.80559 0.51009 0.82050 0.84844 0.73151 0.91147 0.00000 0.97061 0.46345 0.89987 0.93670 0.72175 0.71467 0.75120
0.85590 0.65851 0.15963 0.80708 0.67860 0.91732 0.54014 0.14976 0.42708 0.23168 0.31007 0.26898 0.70399 0.42958 0.29232 0.31157 0.88428 0.97061 0.00000 0.51128 0.43743 0.85545 0.56671 0.42246 0.25732
0.59715 0.16555 0.59980 0.75734 0.28052 0.84916 0.27178 0.56421 0.38930 0.29296 0.30925 0.39897 0.41364 0.49019 0.40427 0.28032 0.80137 0.46345 0.51128 0.00000 0.56488 0.80151 0.48006 0.38100 0.28998
0.52084 0.61867 0.34088 0.37647 0.52425 0.48545 0.76464 0.31745 0.18459 0.37099 0.60533 0.21338 0.44235 0.07994 0.65008 0.58405 0.45727 0.89987 0.43743 0.56488 0.00000 0.42332 0.21611 0.19130 0.52597
0.34266 0.76365 0.76308 0.04922 0.60140 0.06214 1.05956 0.74074 0.46980 0.73491 0.96234 0.60103 0.43958 0.42827 1.02759 0.93506 0.05006 0.93670 0.85545 0.80151 0.42332 0.00000 0.33356 0.47794 0.88731
0.31057 0.47750 0.51685 0.28593 0.34535 0.38888 0.72921 0.48526 0.14507 0.40969 0.63105 0.29803 0.23231 0.15963 0.70061 0.60307 0.34574 0.72175 0.56671 0.48006 0.21611 0.33356 0.00000 0.15197 0.55774
0.43521 0.42757 0.39597 0.42909 0.34511 0.53583 0.60486 0.36085 0.00882 0.25850 0.48469 0.15495 0.30186 0.11219 0.55055 0.45793 0.49470 0.71467 0.42246 0.38100 0.19130 0.47794 0.15197 0.00000 0.40938
0.78497 0.45339 0.39176 0.83842 0.52604 0.94505 0.28705 0.36489 0.41752 0.15648 0.07938 0.31265 0.60713 0.47846 0.14576 0.06250 0.90318 0.75120 0.25732 0.28998 0.52597 0.88731 0.55774 0.40938 0.00000
