25 0
0.00000 0.31047 0.95785 0.39724 0.59323 0.54087 0.91453 0.64624 0.89371 0.86658 0.81831 0.59931 0.28709 0.81795 0.12802 0.56624 0.31161 0.96379 0.49189 0.47205 1.00734 0.57408 0.65088 0.59340 0.35833
0.31047 0.00000 0.64740 0.26499 0.43999 0.34822 0.68438 0.48320 0.58576 0.57902 0.62714 0.39854 0.11876 0.61456 0.30741 0.30444 0.25894 0.65532 0.28214 0.46582 0.69711 0.27674 0.47261 0.29527 0.34924
0.95785 0.64740 0.00000 0.70957 0.70030 0.62406 0.55927 0.67990 0.12136 0.29044 0.65450 0.60578 0.70251 0.61796 0.93780 0.49091 0.79264 0.08193 0.59751 0.90436 0.05494 0.41355 0.65795 0.39117 0.85659
0.39724 0.26499 0.70957 0.00000 0.70245 0.60645 0.52197 0.25134 0.69168 0.52843 0.42120 0.65208 0.37572 0.42098 0.47190 0.53349 0.50899 0.68594 0.12047 0.22123 0.74737 0.46290 0.72955 0.32190 0.59687
0.59323 0.43999 0.70030 0.70245 0.00000 0.10398 1.01283 0.89157 0.58523 0.80892 1.00288 0.09514 0.35013 0.98053 0.48721 0.23799 0.28248 0.75537 0.68994 0.90490 0.75419 0.34957 0.06891 0.57114 0.26854
0.54087 0.34822 0.62406 0.60645 0.10398 0.00000 0.90995 0.78901 0.51455 0.71158 0.89891 0.05845 0.27298 0.87657 0.44960 0.14144 0.24490 0.67294 0.58822 0.81392 0.67876 0.25012 0.12443 0.46784 0.26564
0.91453 0.68438 0.55927 0.52197 1.01283 0.90995 0.00000 0.30299 0.63420 0.27133 0.15062 0.92815 0.79852 0.12345 0.96948 0.77836 0.93659 0.48510 0.42414 0.58925 0.55730 0.66656 1.00531 0.44247 1.02548
0.64624 0.48320 0.67990 0.25134 0.89157 0.78901 0.30299 0.00000 0.70574 0.42126 0.17577 0.82415 0.60154 0.18492 0.72288 0.68433 0.74075 0.62959 0.20374 0.28782 0.70162 0.58660 0.90444 0.36955 0.83070
0.89371 0.58576 0.12136 0.69168 0.58523 0.51455 0.63420 0.70574 0.00000 0.36380 0.70953 0.49166 0.62396 0.67431 0.86015 0.38789 0.70029 0.19508 0.58981 0.90011 0.17165 0.32705 0.53999 0.37095 0.75781
0.86658 0.57902 0.29044 0.52843 0.80892 0.71158 0.27133 0.42126 0.36380 0.00000 0.36676 0.71722 0.67403 0.32992 0.88607 0.57132 0.79859 0.22193 0.40804 0.68321 0.29593 0.46167 0.78853 0.28536 0.88056
0.81831 0.62714 0.65450 0.42120 1.00288 0.89891 0.15062 0.17577 0.70953 0.36676 0.00000 0.92596 0.74550 0.03691 0.88841 0.77870 0.88581 0.58869 0.34727 0.45022 0.66269 0.67119 1.00566 0.44037 0.97607
0.59931 0.39854 0.60578 0.65208 0.09514 0.05845 0.92815 0.82415 0.49166 0.71722 0.92596 0.00000 0.32960 0.90196 0.50726 0.14979 0.30173 0.66026 0.62604 0.86294 0.65984 0.26181 0.08033 0.48904 0.31537
0.28709 0.11876 0.70251 0.37572 0.35013 0.27298 0.79852 0.60154 0.62396 0.67403 0.74550 0.32960 0.00000 0.73227 0.23628 0.27915 0.14031 0.72249 0.40090 0.56132 0.75515 0.29743 0.39435 0.38904 0.23060
0.81795 0.61456 0.61796 0.42098 0.98053 0.87657 0.12345 0.18492 0.67431 0.32992 0.03691 0.90196 0.73227 0.00000 0.88335 0.75387 0.87239 0.55185 0.33824 0.46776 0.62584 0.64523 0.98132 0.41431 0.96250
0.12802 0.30741 0.93780 0.47190 0.48721 0.44960 0.96948 0.72288 0.86015 0.88607 0.88841 0.50726 0.23628 0.88335 0.00000 0.50179 0.20670 0.95456 0.54676 0.58290 0.98997 0.53332 0.54933 0.60267 0.23633
0.56624 0.30444 0.49091 0.53349 0.23799 0.14144 0.77836 0.68433 0.38789 0.57132 0.77870 0.14979 0.27915 0.75387 0.50179 0.00000 0.31918 0.53513 0.49148 0.75160 0.54584 0.11216 0.22778 0.34006 0.37027
0.31161 0.25894 0.79264 0.50899 0.28248 0.24490 0.93659 0.74075 0.70029 0.79859 0.88581 0.30173 0.14031 0.87239 0.20670 0.31918 0.00000 0.82317 0.54098 0.67940 0.84694 0.37917 0.34301 0.51677 0.09030
0.96379 0.65532 0.08193 0.68594 0.75537 0.67294 0.48510 0.62959 0.19508 0.22193 0.58869 0.66026 0.72249 0.55185 0.95456 0.53513 0.82317 0.00000 0.56933 0.86961 0.07404 0.44622 0.71766 0.37859 0.89254
0.49189 0.28214 0.59751 0.12047 0.68994 0.58822 0.42414 0.20374 0.58981 0.40804 0.34727 0.62604 0.40090 0.33824 0.54676 0.49148 0.54098 0.56933 0.00000 0.31034 0.63281 0.40272 0.70602 0.21995 0.63125
0.47205 0.46582 0.90436 0.22123 0.90490 0.81392 0.58925 0.28782 0.90011 0.68321 0.45022 0.86294 0.56132 0.46776 0.58290 0.75160 0.67940 0.86961 0.31034 0.00000 0.93647 0.68408 0.93821 0.52966 0.76018
1.00734 0.69711 0.05494 0.74737 0.75419 0.67876 0.55730 0.70162 0.17165 0.29593 0.66269 0.65984 0.75515 0.62584 0.98997 0.54584 0.84694 0.07404 0.63281 0.93647 0.00000 0.46778 0.71087 0.43298 0.91136
0.57408 0.27674 0.41355 0.46290 0.34957 0.25012 0.66656 0.58660 0.32705 0.46167 0.67119 0.26181 0.29743 0.64523 0.53332 0.11216 0.37917 0.44622 0.40272 0.68408 0.46778 0.00000 0.33883 0.23095 0.44632
0.65088 0.47261 0.65795 0.72955 0.06891 0.12443 1.00531 0.90444 0.53999 0.78853 1.00566 0.08033 0.39435 0.98132 0.54933 0.22778 0.34301 0.71766 0.70602 0.93821 0.71087 0.33883 0.00000 0.56781 0.33601
0.59340 0.29527 0.39117 0.32190 0.57114 0.46784 0.44247 0.36955 0.37095 0.28536 0.44037 0.48904 0.38904 0.41431 0.60267 0.34006 0.51677 0.37859 0.21995 0.52966 0.43298 0.23095 0.56781 0.00000 0.60137
0.35833 0.34924 0.85659 0.59687 0.26854 0.26564 1.02548 0.83070 0.75781 0.88056 0.97607 0.31537 0.23060 0.96250 0.23633 0.37027 0.09030 0.89254 0.63125 0.76018 0.91136 0.44632 0.33601 0.60137 0.00000
