30 0
0.0 62.609903369994115 56.142675390472796 42.15447781671598 54.70831746635972 64.03124237432849 55.569775957799216 58.0 39.395431207184416 45.221676218380054 33.37663853655727 36.6742416417845 37.8549864614954 46.010868281309364 40.70626487409524 37.013511046643494 43.104524124504614 48.76474136094644 9.486832980505138 15.811388300841896 18.973665961010276 23.194827009486403 26.1725046566048 11.180339887498949 63.51377803280167 64.03124237432849 46.87216658103186 68.76772498781678 60.166435825965294 58.89821729050889
62.609903369994115 0.0 24.0 20.808652046684813 11.704699910719626 13.416407864998739 8.0 117.38824472663352 101.9803902718557 107.54068997360952 94.92101980067429 98.43271813782245 99.72462083156798 105.51303237041384 103.31021246711285 96.84007434941384 102.1077861869505 110.86027241532469 72.01388754955533 47.01063709417264 43.9089968002003 77.98717843338096 39.05124837953327 73.79024325749306 7.615773105863909 13.416407864998739 31.953090617340916 26.40075756488817 44.04543109109048 14.866068747318506
56.142675390472796 24.0 0.0 20.808652046684813 13.601470508735444 13.416407864998739 25.298221281347036 114.0701538527936 94.14881836751856 100.62305898749054 89.45389874119518 92.65527507918802 93.7709976485267 102.04410811016969 94.83142938920619 93.04837451562494 99.00505037623081 104.39348638684312 65.37583651472461 43.289721643826724 38.05259518088089 64.88451279003334 30.01666203960727 66.61080993352356 31.144823004794873 36.49657518178932 46.09772228646444 49.24428900898052 62.12889826803627 35.73513677041127
42.15447781671598 20.808652046684813 20.808652046684813 0.0 13.038404810405298 23.0 15.0 98.3107318658548 81.54140052758476 87.31551981177229 75.0 78.44743462982075 79.6994353806851 86.31338250816034 82.76472678623425 77.46612162745726 83.02409288875127 90.75791976461338 51.62363799656123 26.92582403567252 23.259406699226016 57.3149195236284 18.384776310850235 53.31041174104736 23.600847442411894 26.40075756488817 26.419689627245813 36.49657518178932 43.46262762420146 22.80350850198276
54.70831746635972 11.704699910719626 13.601470508735444 13.038404810405298 0.0 10.04987562112089 11.704699910719626 111.30588483993108 93.98404119849285 99.92997548283498 87.80091115700337 91.21403400793103 92.44457799135652 99.29753269845128 95.0789145920377 90.4267659490264 96.0260381354974 103.4456378974 64.19501538281614 39.81205847478876 35.73513677041127 68.00735254367721 29.5296461204668 65.7875368135941 18.027756377319946 23.08679276123039 34.058772731852805 35.6931365951495 49.20365840057018 22.135943621178654
64.03124237432849 13.416407864998739 13.416407864998739 23.0 10.04987562112089 0.0 18.439088914585774 121.06196760337245 103.09219175087898 109.20164833920778 97.29337079164233 100.66280345788111 101.86756107809786 109.03669107231748 104.06248123122954 100.12991560967181 105.80170130957252 112.79184367674819 73.49829930005184 49.49747468305833 45.12205669071391 75.8023746329889 38.27531841800928 75.0 21.02379604162864 26.832815729997478 42.720018726587654 39.81205847478876 56.568542494923804 27.80287754891569
55.569775957799216 8.0 25.298221281347036 15.0 11.704699910719626 18.439088914585774 0.0 109.63576058932597 94.82615672903758 100.22474744293447 87.46427842267951 91.0 92.30926280715278 97.8008179924892 96.25487000666512 89.1852005660132 94.37160589923221 103.46980235798269 64.88451279003334 39.824615503479755 37.20215047547655 72.12489168102785 33.301651610693426 66.73080248281148 8.602325267042627 12.165525060596439 24.596747752497688 24.186773244895647 38.2099463490856 10.44030650891055
58.0 117.38824472663352 114.0701538527936 98.3107318658548 111.30588483993108 121.06196760337245 109.63576058932597 0.0 27.202941017470888 20.518284528683193 25.495097567963924 23.08679276123039 22.47220505424423 12.041594578792296 29.068883707497267 21.02379604162864 15.297058540778355 17.029386365926403 49.09175083453431 71.56814934033156 76.23647421018367 59.61543424315552 84.0535543567314 48.25971404805462 116.3872845288522 115.16944039110375 92.61209424259879 115.3819743287486 97.65244492586962 109.78615577567146
39.395431207184416 101.9803902718557 94.14881836751856 81.54140052758476 93.98404119849285 103.09219175087898 94.82615672903758 27.202941017470888 0.0 7.280109889280518 11.40175425099138 9.0 8.06225774829855 19.72308292331602 3.0 17.029386365926403 20.248456731316587 11.40175425099138 29.966648127543394 55.00909015790027 58.309518948453004 33.734255586866 64.8459713474939 28.231188426986208 102.57680049601859 102.62553288534 82.87943049997388 105.75916035975324 92.45539465060976 97.3498844375277
45.221676218380054 107.54068997360952 100.62305898749054 87.31551981177229 99.92997548283498 109.20164833920778 100.22474744293447 20.518284528683193 7.280109889280518 0.0 13.45362404707371 9.899494936611665 8.48528137423857 15.297058540778355 8.602325267042627 16.15549442140351 17.0 4.123105625617661 35.73513677041127 60.53924347066124 64.19501538281614 41.0 71.06335201775947 34.20526275297414 107.78218776773832 107.54068997360952 87.00574693662483 110.0 95.524865872714 102.2154587134451
33.37663853655727 94.92101980067429 89.45389874119518 75.0 87.80091115700337 97.29337079164233 87.46427842267951 25.495097567963924 11.40175425099138 13.45362404707371 0.0 3.605551275463989 5.0 14.317821063276353 14.317821063276353 7.211102550927978 12.806248474865697 16.1245154965971 24.08318915758459 48.08326112068523 52.172789842982326 34.9857113690718 59.53990258641679 23.0 94.847245611035 94.41398201537736 73.60027173862879 96.60745312862771 82.13403679352427 89.06739021662193
36.6742416417845 98.43271813782245 92.65527507918802 78.44743462982075 91.21403400793103 100.66280345788111 91.0 23.08679276123039 9.0 9.899494936611665 3.605551275463989 0.0 1.4142135623730951 12.806248474865697 12.0 8.06225774829855 12.206555615733702 12.529964086141668 27.294688127912362 51.54609587543949 55.54277630799526 36.6742416417845 62.80127387243033 26.076809620810597 98.41239759298622 98.00510190801293 77.20103626247513 100.20977996183805 85.63293758829018 92.66067126888301
37.8549864614954 99.72462083156798 93.7709976485267 79.6994353806851 92.44457799135652 101.86756107809786 92.30926280715278 22.47220505424423 8.06225774829855 8.48528137423857 5.0 1.4142135623730951 0.0 12.727922061357855 11.045361017187261 9.0 12.529964086141668 11.180339887498949 28.442925306655784 52.81098370604357 56.753854494650845 37.16180835212409 63.953107821277925 27.16615541441225 99.74467404327912 99.36297097007517 78.60025445251433 101.6070863670443 87.04596486914255 94.02127418834527
46.010868281309364 105.51303237041384 102.04410811016969 86.31338250816034 99.29753269845128 109.03669107231748 97.8008179924892 12.041594578792296 19.72308292331602 15.297058540778355 14.317821063276353 12.806248474865697 12.727922061357855 0.0 22.360679774997898 9.0 3.605551275463989 14.035668847618199 37.21558813185679 59.53990258641679 64.19501538281614 49.24428900898052 72.02777242147643 36.49657518178932 104.67568963231147 103.61949623502326 81.41252974819048 104.31682510506155 87.45856161634491 98.2344135219425
40.70626487409524 103.31021246711285 94.83142938920619 82.76472678623425 95.0789145920377 104.06248123122954 96.25487000666512 29.068883707497267 3.0 8.602325267042627 14.317821063276353 12.0 11.045361017187261 22.360679774997898 0.0 20.024984394500787 23.08679276123039 12.529964086141668 31.38470965295043 56.43580423808985 59.50630218724736 33.24154027718932 65.7875368135941 29.5296461204668 104.10091258005379 104.29285689825551 84.8999411071645 107.71258050942797 94.81033698917012 99.04544411531506
37.013511046643494 96.84007434941384 93.04837451562494 77.46612162745726 90.4267659490264 100.12991560967181 89.1852005660132 21.02379604162864 17.029386365926403 16.15549442140351 7.211102550927978 8.06225774829855 9.0 9.0 20.024984394500787 0.0 6.324555320336759 17.204650534085253 28.284271247461902 50.635955604688654 55.226805085936306 41.617304093369626 63.0317380372777 27.65863337187866 96.20810776644555 95.34149149242423 73.57309290766564 96.56603957913983 80.65977932030313 89.96110270555825
43.104524124504614 102.1077861869505 99.00505037623081 83.02409288875127 96.0260381354974 105.80170130957252 94.37160589923221 15.297058540778355 20.248456731316587 17.0 12.806248474865697 12.206555615733702 12.529964086141668 3.605551275463989 23.08679276123039 6.324555320336759 0.0 16.492422502470642 34.52535300326414 56.32051136131489 61.07372593840988 47.70744176750625 69.0 33.95585369269929 101.19288512538814 100.08995953640904 77.82673062643708 100.72239075796404 83.86894538504703 94.70480452437458
48.76474136094644 110.86027241532469 104.39348638684312 90.75791976461338 103.4456378974 112.79184367674819 103.46980235798269 17.029386365926403 11.40175425099138 4.123105625617661 16.1245154965971 12.529964086141668 11.180339887498949 14.035668847618199 12.529964086141668 17.204650534085253 16.492422502470642 0.0 39.293765408777 63.90618123468183 67.72001181334805 45.12205669071391 74.73285756613352 37.8549864614954 110.92339699089638 110.5350623105628 89.62700485902673 112.6454615153225 97.58073580374356 105.19030373565806
9.486832980505138 72.01388754955533 65.37583651472461 51.62363799656123 64.19501538281614 73.49829930005184 64.88451279003334 49.09175083453431 29.966648127543394 35.73513677041127 24.08318915758459 27.294688127912362 28.442925306655784 37.21558813185679 31.38470965295043 28.284271247461902 34.52535300326414 39.293765408777 0.0 25.059928172283335 28.460498941515414 20.8806130178211 35.510561809129406 2.23606797749979 72.71863585079137 73.00684899377592 54.67174773134658 77.07788269017254 66.64833081180653 67.80117993073571
15.811388300841896 47.01063709417264 43.289721643826724 26.92582403567252 39.81205847478876 49.49747468305833 39.824615503479755 71.56814934033156 55.00909015790027 60.53924347066124 48.08326112068523 51.54609587543949 52.81098370604357 59.53990258641679 56.43580423808985 50.635955604688654 56.32051136131489 63.90618123468183 25.059928172283335 0.0 5.830951894845301 35.77708763999664 14.317821063276353 26.92582403567252 47.70744176750625 48.27007354458868 32.69556544854363 53.600373133029585 47.853944456021594 43.18564576337837
18.973665961010276 43.9089968002003 38.05259518088089 23.259406699226016 35.73513677041127 45.12205669071391 37.20215047547655 76.23647421018367 58.309518948453004 64.19501538281614 52.172789842982326 55.54277630799526 56.753854494650845 64.19501538281614 59.50630218724736 55.226805085936306 61.07372593840988 67.72001181334805 28.460498941515414 5.830951894845301 0.0 35.805027579936315 8.54400374531753 30.083217912982647 45.45327270945405 46.69047011971501 33.95585369269929 53.33854141237835 50.15974481593781 41.86884283091664
23.194827009486403 77.98717843338096 64.88451279003334 57.3149195236284 68.00735254367721 75.8023746329889 72.12489168102785 59.61543424315552 33.734255586866 41.0 34.9857113690718 36.6742416417845 37.16180835212409 49.24428900898052 33.24154027718932 41.617304093369626 47.70744176750625 45.12205669071391 20.8806130178211 35.77708763999664 35.805027579936315 0.0 38.948684188300895 19.313207915827967 80.62257748298549 82.3286098510111 68.4470598345904 89.04493247793498 82.86132994346639 77.62087348130012
26.1725046566048 39.05124837953327 30.01666203960727 18.384776310850235 29.5296461204668 38.27531841800928 33.301651610693426 84.0535543567314 64.8459713474939 71.06335201775947 59.53990258641679 62.80127387243033 63.953107821277925 72.02777242147643 65.7875368135941 63.0317380372777 69.0 74.73285756613352 35.510561809129406 14.317821063276353 8.54400374531753 38.948684188300895 0.0 36.87817782917155 41.86884283091664 44.10215414239989 36.0 52.55473337388365 53.150729063673246 39.824615503479755
11.180339887498949 73.79024325749306 66.61080993352356 53.31041174104736 65.7875368135941 75.0 66.73080248281148 48.25971404805462 28.231188426986208 34.20526275297414 23.0 26.076809620810597 27.16615541441225 36.49657518178932 29.5296461204668 27.65863337187866 33.95585369269929 37.8549864614954 2.23606797749979 26.92582403567252 30.083217912982647 19.313207915827967 36.87817782917155 0.0 74.62573282722254 75.0 56.85068161420758 79.20858539325141 68.8839603971781 69.81403870282824
63.51377803280167 7.615773105863909 31.144823004794873 23.600847442411894 18.027756377319946 21.02379604162864 8.602325267042627 116.3872845288522 102.57680049601859 107.78218776773832 94.847245611035 98.41239759298622 99.74467404327912 104.67568963231147 104.10091258005379 96.20810776644555 101.19288512538814 110.92339699089638 72.71863585079137 47.70744176750625 45.45327270945405 80.62257748298549 41.86884283091664 74.62573282722254 0.0 5.830951894845301 27.294688127912362 18.788294228055936 37.44329045369811 8.54400374531753
64.03124237432849 13.416407864998739 36.49657518178932 26.40075756488817 23.08679276123039 26.832815729997478 12.165525060596439 115.16944039110375 102.62553288534 107.54068997360952 94.41398201537736 98.00510190801293 99.36297097007517 103.61949623502326 104.29285689825551 95.34149149242423 100.08995953640904 110.5350623105628 73.00684899377592 48.27007354458868 46.69047011971501 82.3286098510111 44.10215414239989 75.0 5.830951894845301 0.0 24.020824298928627 13.0 32.2490309931942 5.385164807134504
46.87216658103186 31.953090617340916 46.09772228646444 26.419689627245813 34.058772731852805 42.720018726587654 24.596747752497688 92.61209424259879 82.87943049997388 87.00574693662483 73.60027173862879 77.20103626247513 78.60025445251433 81.41252974819048 84.8999411071645 73.57309290766564 77.82673062643708 89.62700485902673 54.67174773134658 32.69556544854363 33.95585369269929 68.4470598345904 36.0 56.85068161420758 27.294688127912362 24.020824298928627 0.0 23.021728866442675 17.46424919657298 19.026297590440446
68.76772498781678 26.40075756488817 49.24428900898052 36.49657518178932 35.6931365951495 39.81205847478876 24.186773244895647 115.3819743287486 105.75916035975324 110.0 96.60745312862771 100.20977996183805 101.6070863670443 104.31682510506155 107.71258050942797 96.56603957913983 100.72239075796404 112.6454615153225 77.07788269017254 53.600373133029585 53.33854141237835 89.04493247793498 52.55473337388365 79.20858539325141 18.788294228055936 13.0 23.021728866442675 0.0 23.345235059857504 14.0
60.166435825965294 44.04543109109048 62.12889826803627 43.46262762420146 49.20365840057018 56.568542494923804 38.2099463490856 97.65244492586962 92.45539465060976 95.524865872714 82.13403679352427 85.63293758829018 87.04596486914255 87.45856161634491 94.81033698917012 80.65977932030313 83.86894538504703 97.58073580374356 66.64833081180653 47.853944456021594 50.15974481593781 82.86132994346639 53.150729063673246 68.8839603971781 37.44329045369811 32.2490309931942 17.46424919657298 23.345235059857504 0.0 29.206163733020468
58.89821729050889 14.866068747318506 35.73513677041127 22.80350850198276 22.135943621178654 27.80287754891569 10.44030650891055 109.78615577567146 97.3498844375277 102.2154587134451 89.06739021662193 92.66067126888301 94.02127418834527 98.2344135219425 99.04544411531506 89.96110270555825 94.70480452437458 105.19030373565806 67.80117993073571 43.18564576337837 41.86884283091664 77.62087348130012 39.824615503479755 69.81403870282824 8.54400374531753 5.385164807134504 19.026297590440446 14.0 29.206163733020468 0.0
0.0 300.0 3100.0 125.0 100.0 200.0 150.0 150.0 450.0 300.0 100.0 950.0 125.0 150.0 150.0 550.0 150.0 100.0 150.0 400.0 300.0 1500.0 100.0 300.0 500.0 800.0 300.0 100.0 150.0 1000.0
