31 0
0.0 41.0 38.0 80.0 96.0 95.0 96.0 76.0 89.0 39.0 5.0 58.0 50.0 49.0 54.0 8.0 12.0 29.0 45.0 14.0 4.0 7.0 65.0 10.0 3.0 18.0 20.0 20.0 52.0 19.0 15.0
41.0 0.0 80.0 97.0 78.0 77.0 40.0 76.0 68.0 59.0 34.0 66.0 61.0 46.0 20.0 11.0 29.0 12.0 58.0 19.0 35.0 57.0 48.0 55.0 15.0 24.0 20.0 20.0 47.0 54.0 66.0
38.0 80.0 0.0 92.0 98.0 93.0 73.0 76.0 3.0 52.0 48.0 55.0 41.0 53.0 47.0 4.0 12.0 9.0 77.0 10.0 45.0 39.0 22.0 39.0 4.0 44.0 5.0 20.0 57.0 39.0 10.0
80.0 97.0 92.0 0.0 87.0 91.0 82.0 72.0 54.0 58.0 16.0 32.0 58.0 34.0 15.0 53.0 22.0 64.0 19.0 8.0 25.0 12.0 33.0 18.0 2.0 20.0 60.0 46.0 34.0 33.0 42.0
96.0 78.0 98.0 87.0 0.0 98.0 55.0 98.0 54.0 38.0 16.0 56.0 53.0 61.0 30.0 33.0 16.0 7.0 20.0 65.0 3.0 45.0 6.0 39.0 65.0 18.0 12.0 17.0 60.0 21.0 28.0
95.0 77.0 93.0 91.0 98.0 0.0 52.0 98.0 64.0 55.0 46.0 56.0 61.0 61.0 15.0 32.0 14.0 11.0 20.0 46.0 12.0 24.0 21.0 24.0 43.0 25.0 14.0 16.0 60.0 45.0 28.0
96.0 40.0 73.0 82.0 55.0 52.0 0.0 93.0 59.0 52.0 44.0 67.0 62.0 68.0 25.0 14.0 61.0 53.0 57.0 42.0 4.0 47.0 7.0 36.0 36.0 22.0 54.0 24.0 72.0 39.0 26.0
76.0 76.0 76.0 72.0 98.0 98.0 93.0 0.0 56.0 58.0 50.0 62.0 5.0 58.0 19.0 10.0 46.0 12.0 27.0 55.0 4.0 30.0 9.0 38.0 53.0 19.0 28.0 9.0 62.0 50.0 12.0
89.0 68.0 3.0 54.0 54.0 64.0 59.0 56.0 0.0 59.0 33.0 59.0 37.0 33.0 17.0 64.0 44.0 46.0 26.0 72.0 63.0 42.0 3.0 49.0 71.0 19.0 21.0 58.0 32.0 16.0 53.0
39.0 59.0 52.0 58.0 38.0 55.0 52.0 58.0 59.0 0.0 58.0 41.0 46.0 3.0 60.0 16.0 54.0 8.0 23.0 15.0 39.0 44.0 5.0 12.0 16.0 41.0 38.0 66.0 9.0 44.0 50.0
5.0 34.0 48.0 16.0 16.0 46.0 44.0 50.0 33.0 58.0 0.0 62.0 19.0 19.0 46.0 10.0 68.0 34.0 8.0 15.0 33.0 40.0 66.0 4.0 18.0 29.0 57.0 44.0 22.0 44.0 35.0
58.0 66.0 55.0 32.0 56.0 56.0 67.0 62.0 59.0 41.0 62.0 0.0 17.0 13.0 44.0 14.0 9.0 10.0 67.0 14.0 48.0 8.0 39.0 30.0 17.0 34.0 24.0 35.0 36.0 61.0 34.0
50.0 61.0 41.0 58.0 53.0 61.0 62.0 5.0 37.0 46.0 19.0 17.0 0.0 16.0 54.0 54.0 11.0 24.0 10.0 55.0 69.0 9.0 31.0 46.0 49.0 14.0 18.0 50.0 37.0 51.0 15.0
49.0 46.0 53.0 34.0 61.0 61.0 68.0 58.0 33.0 3.0 19.0 13.0 16.0 0.0 68.0 17.0 4.0 10.0 57.0 30.0 18.0 22.0 45.0 40.0 19.0 6.0 28.0 69.0 35.0 21.0 11.0
54.0 20.0 47.0 15.0 30.0 15.0 25.0 19.0 17.0 60.0 46.0 44.0 54.0 68.0 0.0 46.0 54.0 8.0 13.0 29.0 15.0 36.0 65.0 36.0 18.0 4.0 34.0 18.0 41.0 59.0 60.0
8.0 11.0 4.0 53.0 33.0 32.0 14.0 10.0 64.0 16.0 10.0 14.0 54.0 17.0 46.0 0.0 30.0 71.0 42.0 18.0 18.0 44.0 22.0 43.0 20.0 62.0 8.0 18.0 6.0 57.0 32.0
12.0 29.0 12.0 22.0 16.0 14.0 61.0 46.0 44.0 54.0 68.0 9.0 11.0 4.0 54.0 30.0 0.0 50.0 8.0 5.0 47.0 42.0 19.0 15.0 5.0 41.0 7.0 19.0 26.0 64.0 34.0
29.0 12.0 9.0 64.0 7.0 11.0 53.0 12.0 46.0 8.0 34.0 10.0 24.0 10.0 8.0 71.0 50.0 0.0 32.0 66.0 21.0 50.0 21.0 18.0 63.0 36.0 32.0 48.0 26.0 30.0 64.0
45.0 58.0 77.0 19.0 20.0 20.0 57.0 27.0 26.0 23.0 8.0 67.0 10.0 57.0 13.0 42.0 8.0 32.0 0.0 48.0 20.0 6.0 45.0 20.0 26.0 51.0 18.0 19.0 57.0 61.0 52.0
14.0 19.0 10.0 8.0 65.0 46.0 42.0 55.0 72.0 15.0 15.0 14.0 55.0 30.0 29.0 18.0 5.0 66.0 48.0 0.0 22.0 27.0 15.0 54.0 14.0 68.0 47.0 18.0 44.0 61.0 18.0
4.0 35.0 45.0 25.0 3.0 12.0 4.0 4.0 63.0 39.0 33.0 48.0 69.0 18.0 15.0 18.0 47.0 21.0 20.0 22.0 0.0 28.0 15.0 39.0 24.0 17.0 2.0 22.0 26.0 79.0 3.0
7.0 57.0 39.0 12.0 45.0 24.0 47.0 30.0 42.0 44.0 40.0 8.0 9.0 22.0 36.0 44.0 42.0 50.0 6.0 27.0 28.0 0.0 25.0 38.0 26.0 14.0 65.0 7.0 31.0 69.0 39.0
65.0 48.0 22.0 33.0 6.0 21.0 7.0 9.0 3.0 5.0 66.0 39.0 31.0 45.0 65.0 22.0 19.0 21.0 45.0 15.0 15.0 25.0 0.0 28.0 40.0 16.0 42.0 60.0 45.0 18.0 24.0
10.0 55.0 39.0 18.0 39.0 24.0 36.0 38.0 49.0 12.0 4.0 30.0 46.0 40.0 36.0 43.0 15.0 18.0 20.0 54.0 39.0 38.0 28.0 0.0 16.0 49.0 34.0 36.0 35.0 6.0 51.0
3.0 15.0 4.0 2.0 65.0 43.0 36.0 53.0 71.0 16.0 18.0 17.0 49.0 19.0 18.0 20.0 5.0 63.0 26.0 14.0 24.0 26.0 40.0 16.0 0.0 21.0 48.0 45.0 33.0 5.0 39.0
18.0 24.0 44.0 20.0 18.0 25.0 22.0 19.0 19.0 41.0 29.0 34.0 14.0 6.0 4.0 62.0 41.0 36.0 51.0 68.0 17.0 14.0 16.0 49.0 21.0 0.0 67.0 18.0 40.0 47.0 23.0
20.0 20.0 5.0 60.0 12.0 14.0 54.0 28.0 21.0 38.0 57.0 24.0 18.0 28.0 34.0 8.0 7.0 32.0 18.0 47.0 2.0 65.0 42.0 34.0 48.0 67.0 0.0 14.0 15.0 34.0 52.0
20.0 20.0 20.0 46.0 17.0 16.0 24.0 9.0 58.0 66.0 44.0 35.0 50.0 69.0 18.0 18.0 19.0 48.0 19.0 18.0 22.0 7.0 60.0 36.0 45.0 18.0 14.0 0.0 18.0 34.0 15.0
52.0 47.0 57.0 34.0 60.0 60.0 72.0 62.0 32.0 9.0 22.0 36.0 37.0 35.0 41.0 6.0 26.0 26.0 57.0 44.0 26.0 31.0 45.0 35.0 33.0 40.0 15.0 18.0 0.0 20.0 76.0
19.0 54.0 39.0 33.0 21.0 45.0 39.0 50.0 16.0 44.0 44.0 61.0 51.0 21.0 59.0 57.0 64.0 30.0 61.0 61.0 79.0 69.0 18.0 6.0 5.0 47.0 34.0 34.0 20.0 0.0 6.0
15.0 66.0 10.0 42.0 28.0 28.0 26.0 12.0 53.0 50.0 35.0 34.0 15.0 11.0 60.0 32.0 34.0 64.0 52.0 18.0 3.0 39.0 24.0 51.0 39.0 23.0 52.0 15.0 76.0 6.0 0.0
0.0 24.0 34.0 11.0 15.0 11.0 1.0 3.0 29.0 6.0 25.0 6.0 25.0 2.0 28.0 8.0 10.0 18.0 45.0 33.0 17.0 9.0 16.0 35.0 5.0 60.0 80.0 39.0 95.0 90.0 123.0
